 371 um
 349 dois
 193 três
 187 mil
 132 cento
 103 quatro
  83 cinco
  62 15
  59 30
  58 seis
  51 dez
  50 20
  49 uma
  42 1
  40 50
  40 12
  38 18
  37 sete
  36 10
  34 1992
  32 25
  31 1994
  30 60
  30 2
  30 1993
  29 16
  28 oito
  28 93
  28 40
  28 200
  27 24
  27 11
  26 14
  25 3
  24 13
  23 80
  23 5
  23 4
  23 22
  23 17
  22 21
  21 1995
  21 1991
  20 nove
  20 23
  20 100
  18 70
  18 28
  17 7
  17 6
  16 90
  16 500
  15 94
  15 92
  15 31
  15 1990
  14 9
  14 300
  14 29
  14 27
  14 250
  13 95
  13 8
  13 45
  13 1997
  13 1988
  12 1989
  12 19
  11 75
  11 6-4
  11 38
  11 37
  11 35
  11 26
  11 150
  10 48
  10 46
  10 43
  10 0
   9 600
   9 55
   9 1996
   9 1985
   8 cem
   8 63
   8 49
   8 1980
   8 1,5
   7 vinte
   7 onze
   7 58
   7 54
   7 42
   7 400
   7 33
   7 2,5
   7 1987
   6 zero
   6 doze
   6 89
   6 83
   6 800
   6 51
   6 47
   6 41
   6 34
   6 32
   6 1998
   6 1982
   6 1974
   5 quinze
   5 meia
   5 87
   5 6-3
   5 6-2
   5 44
   5 36
   5 1986
   5 1978
   5 1.000
   4 91
   4 7-5
   4 6,5
   4 52
   4 350
   4 1979
   4 1975
   4 180
   4 170
   4 140
   4 130
   4 1-0
   4 1,7
   3 setenta
   3 quarenta
   3 dúzia
   3 99
   3 9,2
   3 81
   3 73
   3 72
   3 700
   3 7-6
   3 7,5
   3 69
   3 65
   3 64
   3 61
   3 6-1
   3 6-0
   3 57
   3 53
   3 5000
   3 5,5
   3 440
   3 4,3
   3 3.600
   3 3.000
   3 3-6
   3 3-0
   3 3,8
   3 3,12
   3 290
   3 253
   3 2.000
   3 2-1
   3 2,3
   3 1999
   3 1984
   3 1972
   3 1969
   3 1963
   3 1962
   3 1961
   3 1960
   3 1929
   3 182
   3 1500
   3 125
   3 124
   3 120
   3 115
   3 110
   3 103
   3 10.000m
   3 1.600
   3 1,2
   2 trinta
   2 trezentos
   2 treze
   2 quinta
   2 98
   2 97
   2 86
   2 850
   2 85
   2 84
   2 82
   2 8,1
   2 79
   2 77
   2 76
   2 74
   2 7-3
   2 68
   2 66
   2 65,40
   2 6/1
   2 6.000
   2 6.0
   2 56
   2 50,16
   2 5.000
   2 482
   2 470
   2 4000
   2 40,23
   2 4.000
   2 4-1
   2 4,5
   2 39
   2 343
   2 3.978
   2 3-1
   2 3,72
   2 3,5
   2 3,3
   2 3,0
   2 285
   2 260
   2 2500
   2 230
   2 225
   2 210
   2 2003
   2 2000
   2 2.200,00
   2 2-0
   2 2,9
   2 2,70
   2 2,6
   2 2,54
   2 1994/95
   2 1981
   2 1971
   2 1958
   2 1957
   2 195
   2 1948
   2 1937
   2 1933
   2 1920
   2 1914
   2 1912
   2 186
   2 160
   2 16,3
   2 155
   2 145
   2 132
   2 128
   2 127
   2 1200
   2 12,5
   2 111
   2 11,5
   2 1000
   2 10,27
   2 1,6
   2 1,4
   2 1,25
   2 1,1
   2 1,00
   2 011
   2 0,5
   2 0,23
   1 quatrocentos
   1 meio
   1 duzentos
   1 dezanove
   1 cinquenta
   1 996,97
   1 99-86
   1 980000
   1 980
   1 973,03
   1 96-91
   1 959-2650
   1 94/95
   1 94,9
   1 937
   1 925
   1 900
   1 9.25000
   1 9,94
   1 9,8
   1 9,6
   1 9,5
   1 9,4
   1 895
   1 887-8740
   1 87.35
   1 87,6
   1 86.871
   1 86,183
   1 850000
   1 85-84
   1 840
   1 836
   1 83,5
   1 822
   1 817
   1 8/7/93
   1 8.880
   1 8.542
   1 8.383
   1 8.213
   1 8.212
   1 8.000
   1 8,8
   1 8,6
   1 79,6
   1 788
   1 776
   1 765
   1 763,6
   1 763,5
   1 7614
   1 7500
   1 750
   1 74,71
   1 739
   1 7381
   1 7249
   1 721,8
   1 71
   1 701,5
   1 7000
   1 7/6
   1 7/2
   1 7.777
   1 7.408
   1 7.000
   1 7-2-95
   1 7-1
   1 7,9
   1 7,4
   1 7,3
   1 7,10
   1 7,00
   1 69,69
   1 68,8
   1 676
   1 67,6
   1 67
   1 662
   1 6614
   1 661-2458
   1 661
   1 66,78
   1 6585
   1 652,4
   1 650
   1 647,90
   1 630
   1 63,70m
   1 63,70
   1 63,09
   1 62,84
   1 62,50m
   1 62,16
   1 62
   1 615,7
   1 61,87
   1 61,37
   1 61,22m
   1 606
   1 605
   1 600x600
   1 6000
   1 6/2
   1 6.75
   1 6.200
   1 6.2
   1 6,9
   1 6,7
   1 6,6
   1 6,3
   1 6,28
   1 6,27
   1 6,247'
   1 6,2
   1 6,15
   1 6,1
   1 6,08
   1 59
   1 577
   1 56,02m
   1 550
   1 55,5
   1 55,16
   1 5481,61
   1 539
   1 536
   1 53.677
   1 53,60m
   1 5228
   1 5218
   1 521
   1 52.500
   1 52,3
   1 5122
   1 511
   1 51000
   1 51,87
   1 5061
   1 50.000,00
   1 50,9
   1 5.800
   1 5.75
   1 5.2
   1 5.1
   1 5,8
   1 5,66
   1 5,46
   1 5,4
   1 5,30
   1 5,14
   1 5,1
   1 5,094
   1 4m
   1 4d
   1 49,4
   1 484
   1 480
   1 48,31
   1 4772
   1 4730
   1 4602
   1 4585,84
   1 455
   1 452,7
   1 450,1
   1 45,5
   1 45,1
   1 4493,85
   1 444,6
   1 4359
   1 435
   1 433
   1 432
   1 43,85
   1 43,5
   1 425
   1 422
   1 4200
   1 42,7
   1 42,65
   1 42,53
   1 42,40
   1 42,2
   1 41,96
   1 405
   1 402
   1 40,91
   1 40,2
   1 4.500
   1 4.300,00
   1 4-3-3
   1 4-3
   1 4-2-4
   1 4-0
   1 4,949
   1 4,936'
   1 4,83
   1 4,79
   1 4,788'
   1 4,7
   1 4,6
   1 4,4887
   1 4,4593
   1 4,2
   1 4,0
   1 3x2x1
   1 39.600
   1 39,1
   1 386
   1 380
   1 38/92
   1 38,5
   1 376,82
   1 372
   1 371
   1 3679
   1 366
   1 360
   1 353
   1 3500
   1 342,4
   1 34000
   1 3400
   1 34.376
   1 34,98
   1 34,60
   1 34,6
   1 334,9
   1 330
   1 33,94
   1 33,5
   1 33,19
   1 32s
   1 329
   1 327
   1 325
   1 323
   1 3200
   1 320
   1 313
   1 310
   1 31,2
   1 309
   1 304.805
   1 3000
   1 300.000
   1 30,6
   1 30,52
   1 3.9.91
   1 3-3
   1 3-2
   1 3,78
   1 3,76
   1 3,71
   1 3,7
   1 3,65
   1 3,57
   1 3,41
   1 3,28
   1 3,25
   1 3,2
   1 3,1
   1 3,06
   1 3,040'
   1 3,03
   1 299
   1 298
   1 297
   1 2940,89
   1 292
   1 2913,91
   1 2910
   1 2906
   1 29/03/94
   1 289-3609
   1 288-3514
   1 287,1
   1 286,8
   1 284
   1 280
   1 28-27
   1 28,32
   1 28,18
   1 28,15
   1 277
   1 275
   1 271
   1 27.05.94
   1 265,2
   1 263-4700
   1 26.668
   1 26,9
   1 26,7
   1 26,54
   1 26,3
   1 258,62
   1 256
   1 255,8
   1 253-1588
   1 25.093
   1 244
   1 241/93
   1 2400
   1 240
   1 234
   1 231-5346
   1 23,5
   1 226
   1 224-3896
   1 223
   1 221-2155
   1 22.500
   1 22,9
   1 22,8
   1 215,44
   1 215
   1 212-2051
   1 212
   1 2115
   1 211
   1 206,77
   1 205
   1 204
   1 2034
   1 2004
   1 2002
   1 20/20
   1 20.000
   1 20,53
   1 20,4
   1 20,07
   1 2.900
   1 2.400
   1 2.3
   1 2.176,26
   1 2.100
   1 2.0c
   1 2.071
   1 2-6
   1 2-3
   1 2-2
   1 2,85
   1 2,8
   1 2,77
   1 2,7
   1 2,47
   1 2,43
   1 2,4
   1 2,382'
   1 2,328'
   1 2,31
   1 2,15m
   1 2,1
   1 2,08
   1 2,05
   1 2,02
   1 199
   1 1986-1988
   1 1983
   1 1976
   1 1973
   1 1970
   1 1964
   1 1953
   1 1949
   1 1947
   1 1946
   1 1941
   1 1940
   1 194
   1 1936
   1 1930
   1 1929-89
   1 1926
   1 1923
   1 1920-22
   1 1913
   1 1909
   1 19.11.93
   1 19,3
   1 19,2
   1 1884-1958
   1 1875
   1 1867
   1 1862
   1 185
   1 1828
   1 1822
   1 1810
   1 181
   1 1801
   1 18,1
   1 179
   1 1783
   1 178
   1 176
   1 173,4
   1 1708
   1 163,7
   1 162
   1 1600
   1 16,9
   1 16,2
   1 16,1
   1 159.775
   1 159,2
   1 15850
   1 158,5
   1 158
   1 156.942
   1 156
   1 154,72
   1 154
   1 15.8.93
   1 15,5
   1 15,27
   1 15,2
   1 1498
   1 149
   1 14867,26
   1 144
   1 1427
   1 142
   1 141
   1 140.518
   1 139.369
   1 139,8
   1 138
   1 137,7
   1 135/95
   1 134
   1 133
   1 1300
   1 13.576
   1 13-13
   1 13,82
   1 13,6
   1 13,56
   1 13,5
   1 13,4
   1 13,03
   1 129
   1 128,3
   1 127,8
   1 126
   1 1250
   1 12480
   1 120.000
   1 12.8.91
   1 12,6
   1 12,378'
   1 12,07
   1 11v
   1 119,5
   1 118-109
   1 117.203
   1 116/93
   1 116,69
   1 11-5353
   1 11,75
   1 1095
   1 108,7
   1 108,6
   1 108
   1 107-105
   1 105
   1 104,5
   1 104
   1 102,35/102,36
   1 101
   1 10/10/1994
   1 10.00-12.00
   1 10,9
   1 10,6
   1 10,592
   1 10,5
   1 10,48
   1 10,4
   1 10,3969
   1 10,36
   1 10,1384
   1 10,017'
   1 1/6
   1 1.85000
   1 1.800
   1 1.6
   1 1.578
   1 1.565
   1 1.560
   1 1.400
   1 1.150.000
   1 1.100
   1 1.
   1 1-1
   1 1,85
   1 1,80
   1 1,8
   1 1,79
   1 1,66
   1 1,58
   1 1,55
   1 1,43
   1 1,41
   1 1,36
   1 1,3
   1 1,27
   1 1,15
   1 1,13
   1 07.00-09.00
   1 067-241-2889
   1 01202-001
   1 011/253-1588
   1 0.5
   1 0-1
   1 0-0
   1 0,977425
   1 0,95
   1 0,92
   1 0,90
   1 0,85
   1 0,8
   1 0,70
   1 0,62
   1 0,59
   1 0,56
   1 0,55
   1 0,523
   1 0,47
   1 0,45
   1 0,44
   1 0,34
   1 0,3
   1 0,26
   1 0,24
   1 0,22
   1 0,18
   1 0,16
   1 0,15
   1 0,1
   1 0,05
